
1646495479.4600859 27.00 24.00 18.00 14.00
1646495783.7121918 27.00 24.00 18.00 14.00
1646496072.425765 27.00 24.00 18.00 14.00
1646555626.395948 26.00 22.00 21.00 0.00
1646555899.2681403 0.00 0.00 0.00 0.00
1646556072.5479097 27.00 0.00 0.00 0.00
1646556447.2873404 0.00 23.00 22.00 19.00
1646556939.700931 27.00 23.00 21.00 19.00
1646557247.2086701 27.00 0.00 22.00 19.00
1646633795.5006557 23.00 19.00 18.00 15.00
1646635145.0338793 24.00 0.00 18.00 16.00
1646635318.260863 24.00 20.00 18.00 0.00
1647636519.7880447 24.00 0.00 18.00 15.00
1647678770.392053 25.00 22.00 19.00 0.00
1647679024.4929886 0.00 22.00 0.00 16.00
1647679276.9355185 25.00 0.00 0.00 0.00
